0 0.492934 0.5 0.256823 0.064309
0 0.492934 0.435691 0.256823 0.064309
0 0.492934 0.371383 0.256823 0.064309
0 0.492934 0.307074 0.256823 0.064309
0 0.492934 0.242765 0.256823 0.064309
0 0.492934 0.178457 0.256823 0.064309
0 0.492934 0.114148 0.256823 0.064309
0 0.492934 0.049839 0.256823 0.064309
0 0.492934 0.564309 0.256823 0.064309
0 0.492934 0.628617 0.256823 0.064309
0 0.492934 0.692926 0.256823 0.064309
0 0.492934 0.757235 0.256823 0.064309
0 0.492934 0.821543 0.256823 0.064309
0 0.492934 0.885852 0.256823 0.064309
0 0.492934 0.950161 0.256823 0.064309
0 0.492934 0.991158 0.256823 0.017685
