0 0.385234 0.500804 0.174951 0.059486
0 0.62232 0.5 0.017544 0.045016
0 0.385234 0.442926 0.174951 0.059486
0 0.62232 0.442122 0.017544 0.045016
0 0.385234 0.385048 0.174951 0.059486
0 0.62232 0.384244 0.017544 0.045016
0 0.385234 0.32717 0.174951 0.059486
0 0.62232 0.326367 0.017544 0.045016
0 0.385234 0.269293 0.174951 0.059486
0 0.62232 0.268489 0.017544 0.045016
0 0.385234 0.211415 0.174951 0.059486
0 0.62232 0.210611 0.017544 0.045016
0 0.385234 0.153537 0.174951 0.059486
0 0.62232 0.152733 0.017544 0.045016
0 0.385234 0.095659 0.174951 0.059486
0 0.62232 0.094855 0.017544 0.045016
0 0.385234 0.037781 0.174951 0.059486
0 0.62232 0.036977 0.017544 0.045016
0 0.385234 0.558682 0.174951 0.059486
0 0.62232 0.557878 0.017544 0.045016
0 0.385234 0.616559 0.174951 0.059486
0 0.62232 0.615756 0.017544 0.045016
0 0.385234 0.674437 0.174951 0.059486
0 0.62232 0.673633 0.017544 0.045016
0 0.385234 0.732315 0.174951 0.059486
0 0.62232 0.731511 0.017544 0.045016
0 0.385234 0.790193 0.174951 0.059486
0 0.62232 0.789389 0.017544 0.045016
0 0.385234 0.848071 0.174951 0.059486
0 0.62232 0.847267 0.017544 0.045016
0 0.385234 0.905949 0.174951 0.059486
0 0.62232 0.905145 0.017544 0.045016
0 0.385234 0.963826 0.174951 0.059486
0 0.62232 0.963023 0.017544 0.045016
0 0.385234 0.995981 0.174951 0.008039
0 0.62232 0.999196 0.017544 0.001608
