0 0.489766 0.5 0.194932 0.045016
0 0.489766 0.454984 0.194932 0.045016
0 0.489766 0.409968 0.194932 0.045016
0 0.489766 0.364952 0.194932 0.045016
0 0.489766 0.319936 0.194932 0.045016
0 0.489766 0.27492 0.194932 0.045016
0 0.489766 0.229904 0.194932 0.045016
0 0.489766 0.184887 0.194932 0.045016
0 0.489766 0.139871 0.194932 0.045016
0 0.489766 0.094855 0.194932 0.045016
0 0.489766 0.049839 0.194932 0.045016
0 0.489766 0.545016 0.194932 0.045016
0 0.489766 0.590032 0.194932 0.045016
0 0.489766 0.635048 0.194932 0.045016
0 0.489766 0.680064 0.194932 0.045016
0 0.489766 0.72508 0.194932 0.045016
0 0.489766 0.770096 0.194932 0.045016
0 0.489766 0.815113 0.194932 0.045016
0 0.489766 0.860129 0.194932 0.045016
0 0.489766 0.905145 0.194932 0.045016
0 0.489766 0.950161 0.194932 0.045016
0 0.489766 0.986334 0.194932 0.027331
