0 0.5 0.5 0.185185 0.048232
0 0.5 0.451768 0.185185 0.048232
0 0.5 0.403537 0.185185 0.048232
0 0.5 0.355305 0.185185 0.048232
0 0.5 0.307074 0.185185 0.048232
0 0.5 0.258842 0.185185 0.048232
0 0.5 0.210611 0.185185 0.048232
0 0.5 0.162379 0.185185 0.048232
0 0.5 0.114148 0.185185 0.048232
0 0.5 0.065916 0.185185 0.048232
0 0.5 0.548232 0.185185 0.048232
0 0.5 0.596463 0.185185 0.048232
0 0.5 0.644695 0.185185 0.048232
0 0.5 0.692926 0.185185 0.048232
0 0.5 0.741158 0.185185 0.048232
0 0.5 0.789389 0.185185 0.048232
0 0.5 0.837621 0.185185 0.048232
0 0.5 0.885852 0.185185 0.048232
0 0.5 0.934084 0.185185 0.048232
0 0.5 0.9791 0.185185 0.041801
